348 359
527 966
718 938
765 830
649 476
914 698
150 643
574 307
429 392
996 513
277 646
542 95
190 827
951 786
983 256
967 328
646 332
622 495
677 365
841 387
437 326
322 108
767 939
331 248
762 197
195 327
422 391
218 89
227 965
573 169
850 211
895 540
387 496
213 517
257 65
743 407
867 694
634 417
666 634
183 965
293 780
523 731
820 67
32 741
262 400
611 957
498 464
313 858
375 237
654 526
285 984
679 750
167 152
787 665
630 185
317 322
53 275
695 840
933 226
626 727
37 196
12 589
447 887
124 325
852 822
159 131
881 137
642 838
503 400
938 429
751 485
113 255
448 157
383 808
887 733
929 9
950 924
811 294
619 397
571 288
419 823
313 730
920 652
52 955
736 775
613 342
950 839
996 726
886 398
131 731
740 125
402 413
707 42
439 565
853 678
854 363
93 624
628 167
474 14
141 33
